--[[
  needs build increase gamepass
]]

local fnode = workspace.Buildings:FindFirstChild(game:GetService"Players".LocalPlayer.Name) and workspace.Buildings[game:GetService"Players".LocalPlayer.Name]:WaitForChild"Node":WaitForChild"Node"
local lw
--#Spawn Node
if not fnode then
	game:GetService("ReplicatedStorage").Events.BuildingEvent:FireServer(1,"Node",CFrame.new(288.714722, 150.921875, -2757.07837, -0.965929747, 0, 0.258804798, 0, 1, 0, -0.258804798, 0, -0.965929747))
	fnode = workspace.Buildings:WaitForChild(game:GetService"Players".LocalPlayer.Name):WaitForChild"Node":WaitForChild"Node"
end

--#Spawn Resizeable Wall
game:GetService("ReplicatedStorage").Events.BuildingEvent:FireServer(1,"Resizable Wall",fnode:GetPivot():ToWorldSpace(CFrame.new(288.714722, 150.921875, -2757.07837, -0.965929747, 0, 0.258804798, 0, 1, 0, -0.258804798, 0, -0.965929747):ToObjectSpace(CFrame.new(302.035889, 185.18396, -2806.53638, -0.249979734, -0.0669682994, -0.965932369, -0.258803517, 0.965929985, 9.27597284e-06, 0.93302238, 0.249989003, -0.258794546))),nil,BrickColor.new(320),nil,nil,"Metal")
lw = fnode.Parent.Parent.ChildAdded:Wait()
game:GetService("ReplicatedStorage").Events.BuildingEvent:FireServer(7,lw,lw:GetPivot(),nil,Vector3.new(4, 9, 64))

--#Spawn Resizeable Wall
game:GetService("ReplicatedStorage").Events.BuildingEvent:FireServer(1,"Resizable Wall",fnode:GetPivot():ToWorldSpace(CFrame.new(288.714722, 150.921875, -2757.07837, -0.965929747, 0, 0.258804798, 0, 1, 0, -0.258804798, 0, -0.965929747):ToObjectSpace(CFrame.new(257.215973, 175.086029, -2795.24097, 0.965929627, -0, -0.258804798, 0, 1, -0, 0.258804798, 0, 0.965929627))),nil,BrickColor.new(320),nil,nil,"Metal")
lw = fnode.Parent.Parent.ChildAdded:Wait()
game:GetService("ReplicatedStorage").Events.BuildingEvent:FireServer(7,lw,lw:GetPivot(),nil,Vector3.new(4, 47, 35))

--#Spawn Resizeable Wall
game:GetService("ReplicatedStorage").Events.BuildingEvent:FireServer(1,"Resizable Wall",fnode:GetPivot():ToWorldSpace(CFrame.new(288.714722, 150.921875, -2757.07837, -0.965929747, 0, 0.258804798, 0, 1, 0, -0.258804798, 0, -0.965929747):ToObjectSpace(CFrame.new(337.814789, 166.228195, -2744.61279, 0.933025956, 0.249973103, -0.258797228, -0.258797228, 0.965931654, -2.9373914e-05, 0.249973103, 0.0670033991, 0.965931654))),nil,BrickColor.new(320),nil,nil,"Metal")
lw = fnode.Parent.Parent.ChildAdded:Wait()
game:GetService("ReplicatedStorage").Events.BuildingEvent:FireServer(7,lw,lw:GetPivot(),nil,Vector3.new(4, 11, 64))

--#Spawn Resizeable Wall
game:GetService("ReplicatedStorage").Events.BuildingEvent:FireServer(1,"Resizable Wall",fnode:GetPivot():ToWorldSpace(CFrame.new(288.714722, 150.921875, -2757.07837, -0.965929747, 0, 0.258804798, 0, 1, 0, -0.258804798, 0, -0.965929747):ToObjectSpace(CFrame.new(339.133453, 176.025208, -2744.19238, 0.965929627, -0, -0.258804798, 0, 1, -0, 0.258804798, 0, 0.965929627))),nil,BrickColor.new(320),nil,nil,"Metal")
lw = fnode.Parent.Parent.ChildAdded:Wait()
game:GetService("ReplicatedStorage").Events.BuildingEvent:FireServer(7,lw,lw:GetPivot(),nil,Vector3.new(4, 10, 64))

--#Spawn Resizeable Wall
game:GetService("ReplicatedStorage").Events.BuildingEvent:FireServer(1,"Resizable Wall",fnode:GetPivot():ToWorldSpace(CFrame.new(288.714722, 150.921875, -2757.07837, -0.965929747, 0, 0.258804798, 0, 1, 0, -0.258804798, 0, -0.965929747):ToObjectSpace(CFrame.new(338.112915, 184.833038, -2744.58081, 0.933025956, -0.249973103, -0.258797228, 0.258797228, 0.965931654, 2.9373914e-05, 0.249973103, -0.0670033991, 0.965931654))),nil,BrickColor.new(320),nil,nil,"Metal")
lw = fnode.Parent.Parent.ChildAdded:Wait()
game:GetService("ReplicatedStorage").Events.BuildingEvent:FireServer(7,lw,lw:GetPivot(),nil,Vector3.new(4, 9, 64))

--#Spawn Resizeable Wall
game:GetService("ReplicatedStorage").Events.BuildingEvent:FireServer(1,"Resizable Wall",fnode:GetPivot():ToWorldSpace(CFrame.new(288.714722, 150.921875, -2757.07837, -0.965929747, 0, 0.258804798, 0, 1, 0, -0.258804798, 0, -0.965929747):ToObjectSpace(CFrame.new(350.429535, 185.232666, -2781.23535, 0.933025956, -0.249984458, -0.258786261, 0.258786261, 0.965934634, -5.54546714e-05, 0.249984458, -0.0669185743, 0.965934634))),nil,BrickColor.new(320),nil,nil,"DiamondPlate")
lw = fnode.Parent.Parent.ChildAdded:Wait()
game:GetService("ReplicatedStorage").Events.BuildingEvent:FireServer(7,lw,lw:GetPivot(),nil,Vector3.new(1, 9, 14))

--#Spawn Resizeable Wall
game:GetService("ReplicatedStorage").Events.BuildingEvent:FireServer(1,"Resizable Wall",fnode:GetPivot():ToWorldSpace(CFrame.new(288.714722, 150.921875, -2757.07837, -0.965929747, 0, 0.258804798, 0, 1, 0, -0.258804798, 0, -0.965929747):ToObjectSpace(CFrame.new(280.900635, 157.386871, -2708.52197, 0.25875926, 0, 0.965941846, 0, 1, 0, -0.965941846, 0, 0.25875926))),nil,BrickColor.new(320),nil,nil,"Concrete")
lw = fnode.Parent.Parent.ChildAdded:Wait()
game:GetService("ReplicatedStorage").Events.BuildingEvent:FireServer(7,lw,lw:GetPivot(),nil,Vector3.new(4, 13, 64))

--#Spawn Resizeable Wall
game:GetService("ReplicatedStorage").Events.BuildingEvent:FireServer(1,"Resizable Wall",fnode:GetPivot():ToWorldSpace(CFrame.new(288.714722, 150.921875, -2757.07837, -0.965929747, 0, 0.258804798, 0, 1, 0, -0.258804798, 0, -0.965929747):ToObjectSpace(CFrame.new(337.027954, 193.514008, -2745.04517, 0.965929627, -0, -0.258804798, 0, 1, -0, 0.258804798, 0, 0.965929627))),nil,BrickColor.new(320),nil,nil,"Metal")
lw = fnode.Parent.Parent.ChildAdded:Wait()
game:GetService("ReplicatedStorage").Events.BuildingEvent:FireServer(7,lw,lw:GetPivot(),nil,Vector3.new(4, 10, 63))

--#Spawn Resizeable Wall
game:GetService("ReplicatedStorage").Events.BuildingEvent:FireServer(1,"Resizable Wall",fnode:GetPivot():ToWorldSpace(CFrame.new(288.714722, 150.921875, -2757.07837, -0.965929747, 0, 0.258804798, 0, 1, 0, -0.258804798, 0, -0.965929747):ToObjectSpace(CFrame.new(336.592072, 156.355621, -2744.92578, 0.965929627, -0, -0.258804798, 0, 1, -0, 0.258804798, 0, 0.965929627))),nil,BrickColor.new(320),nil,nil,"Concrete")
lw = fnode.Parent.Parent.ChildAdded:Wait()
game:GetService("ReplicatedStorage").Events.BuildingEvent:FireServer(7,lw,lw:GetPivot(),nil,Vector3.new(4, 10, 64))

--#Spawn Hat Display Case
game:GetService("ReplicatedStorage").Events.BuildingEvent:FireServer(1,"Hat Display Case",fnode:GetPivot():ToWorldSpace(CFrame.new(288.714722, 150.921875, -2757.07837, -0.965929747, 0, 0.258804798, 0, 1, 0, -0.258804798, 0, -0.965929747):ToObjectSpace(CFrame.new(276.819427, 159.865356, -2728.42236, 0.707134247, -7.97517787e-05, -0.707079291, 7.97517787e-05, 1, -3.30324547e-05, 0.707079291, -3.30324547e-05, 0.707134247))))
lw = fnode.Parent.Parent.ChildAdded:Wait()
game:GetService("ReplicatedStorage").Events.MenuActionEvent:FireServer(81,lw,"18579541583")
game:GetService("ReplicatedStorage").Events.BuildingEvent:FireServer(7,lw,lw:GetPivot(),nil,0.20000000298023224)
fnode.Parent.Parent.ChildAdded:Wait()

--#Spawn Resizeable Wall
game:GetService("ReplicatedStorage").Events.BuildingEvent:FireServer(1,"Resizable Wall",fnode:GetPivot():ToWorldSpace(CFrame.new(288.714722, 150.921875, -2757.07837, -0.965929747, 0, 0.258804798, 0, 1, 0, -0.258804798, 0, -0.965929747):ToObjectSpace(CFrame.new(276.104736, 194.031464, -2709.75586, 0.25875926, 0, 0.965941846, 0, 1, 0, -0.965941846, 0, 0.25875926))),nil,BrickColor.new(320),nil,nil,"Metal")
lw = fnode.Parent.Parent.ChildAdded:Wait()
game:GetService("ReplicatedStorage").Events.BuildingEvent:FireServer(7,lw,lw:GetPivot(),nil,Vector3.new(4, 9, 64))

--#Spawn Resizeable Wall
game:GetService("ReplicatedStorage").Events.BuildingEvent:FireServer(1,"Resizable Wall",fnode:GetPivot():ToWorldSpace(CFrame.new(288.714722, 150.921875, -2757.07837, -0.965929747, 0, 0.258804798, 0, 1, 0, -0.258804798, 0, -0.965929747):ToObjectSpace(CFrame.new(275.803345, 185.184113, -2708.63062, 0.249979794, 0.0669682994, 0.965932369, -0.258803517, 0.965929985, 9.27597284e-06, -0.93302238, -0.249989003, 0.258794606))),nil,BrickColor.new(320),nil,nil,"Metal")
lw = fnode.Parent.Parent.ChildAdded:Wait()
game:GetService("ReplicatedStorage").Events.BuildingEvent:FireServer(7,lw,lw:GetPivot(),nil,Vector3.new(4, 9, 64))

--#Spawn Resizeable Wall
game:GetService("ReplicatedStorage").Events.BuildingEvent:FireServer(1,"Resizable Wall",fnode:GetPivot():ToWorldSpace(CFrame.new(288.714722, 150.921875, -2757.07837, -0.965929747, 0, 0.258804798, 0, 1, 0, -0.258804798, 0, -0.965929747):ToObjectSpace(CFrame.new(313.105957, 174.531464, -2697.25513, 0.25875926, 0, 0.965941846, 0, 1, 0, -0.965941846, 0, 0.25875926))),nil,BrickColor.new(320),nil,nil,"DiamondPlate")
lw = fnode.Parent.Parent.ChildAdded:Wait()
game:GetService("ReplicatedStorage").Events.BuildingEvent:FireServer(7,lw,lw:GetPivot(),nil,Vector3.new(1, 48, 14))

--#Spawn Resizeable Wall
game:GetService("ReplicatedStorage").Events.BuildingEvent:FireServer(1,"Resizable Wall",fnode:GetPivot():ToWorldSpace(CFrame.new(288.714722, 150.921875, -2757.07837, -0.965929747, 0, 0.258804798, 0, 1, 0, -0.258804798, 0, -0.965929747):ToObjectSpace(CFrame.new(312.577148, 177.05777, -2695.26709, 0.25875926, 0, 0.965941846, 0, 1, 0, -0.965941846, 0, 0.25875926))),nil,BrickColor.new(320),nil,nil,"DiamondPlate")
lw = fnode.Parent.Parent.ChildAdded:Wait()
game:GetService("ReplicatedStorage").Events.BuildingEvent:FireServer(7,lw,lw:GetPivot(),nil,Vector3.new(1, 9, 14))

--#Spawn Resizeable Wall
game:GetService("ReplicatedStorage").Events.BuildingEvent:FireServer(1,"Resizable Wall",fnode:GetPivot():ToWorldSpace(CFrame.new(288.714722, 150.921875, -2757.07837, -0.965929747, 0, 0.258804798, 0, 1, 0, -0.258804798, 0, -0.965929747):ToObjectSpace(CFrame.new(246.988037, 174.531464, -2715.07422, 0.25875926, 0, 0.965941846, 0, 1, 0, -0.965941846, 0, 0.25875926))),nil,BrickColor.new(320),nil,nil,"DiamondPlate")
lw = fnode.Parent.Parent.ChildAdded:Wait()
game:GetService("ReplicatedStorage").Events.BuildingEvent:FireServer(7,lw,lw:GetPivot(),nil,Vector3.new(1, 48, 14))

--#Spawn Resizeable Wall
game:GetService("ReplicatedStorage").Events.BuildingEvent:FireServer(1,"Resizable Wall",fnode:GetPivot():ToWorldSpace(CFrame.new(288.714722, 150.921875, -2757.07837, -0.965929747, 0, 0.258804798, 0, 1, 0, -0.258804798, 0, -0.965929747):ToObjectSpace(CFrame.new(246.723755, 185.734695, -2714.08594, 0.249979794, 0.0669682994, 0.965932369, -0.258803517, 0.965929985, 9.27597284e-06, -0.93302238, -0.249989003, 0.258794606))),nil,BrickColor.new(320),nil,nil,"DiamondPlate")
lw = fnode.Parent.Parent.ChildAdded:Wait()
game:GetService("ReplicatedStorage").Events.BuildingEvent:FireServer(7,lw,lw:GetPivot(),nil,Vector3.new(1, 9, 14))

--#Spawn Resizeable Wall
game:GetService("ReplicatedStorage").Events.BuildingEvent:FireServer(1,"Resizable Wall",fnode:GetPivot():ToWorldSpace(CFrame.new(288.714722, 150.921875, -2757.07837, -0.965929747, 0, 0.258804798, 0, 1, 0, -0.258804798, 0, -0.965929747):ToObjectSpace(CFrame.new(246.430176, 177.05777, -2712.99121, 0.25875926, 0, 0.965941846, 0, 1, 0, -0.965941846, 0, 0.25875926))),nil,BrickColor.new(320),nil,nil,"DiamondPlate")
lw = fnode.Parent.Parent.ChildAdded:Wait()
game:GetService("ReplicatedStorage").Events.BuildingEvent:FireServer(7,lw,lw:GetPivot(),nil,Vector3.new(1, 9, 14))

--#Spawn Resizeable Wall
game:GetService("ReplicatedStorage").Events.BuildingEvent:FireServer(1,"Resizable Wall",fnode:GetPivot():ToWorldSpace(CFrame.new(288.714722, 150.921875, -2757.07837, -0.965929747, 0, 0.258804798, 0, 1, 0, -0.258804798, 0, -0.965929747):ToObjectSpace(CFrame.new(246.724854, 168.414841, -2714.08887, 0.249979794, -0.0669682994, 0.965932369, 0.258803517, 0.965929985, -9.27597284e-06, -0.93302238, 0.249989003, 0.258794606))),nil,BrickColor.new(320),nil,nil,"DiamondPlate")
lw = fnode.Parent.Parent.ChildAdded:Wait()
game:GetService("ReplicatedStorage").Events.BuildingEvent:FireServer(7,lw,lw:GetPivot(),nil,Vector3.new(1, 9, 14))

--#Spawn Resizeable Wall
game:GetService("ReplicatedStorage").Events.BuildingEvent:FireServer(1,"Resizable Wall",fnode:GetPivot():ToWorldSpace(CFrame.new(288.714722, 150.921875, -2757.07837, -0.965929747, 0, 0.258804798, 0, 1, 0, -0.258804798, 0, -0.965929747):ToObjectSpace(CFrame.new(302.322144, 176.863342, -2807.61108, 0.25875926, 0, 0.965941846, 0, 1, 0, -0.965941846, 0, 0.25875926))),nil,BrickColor.new(320),nil,nil,"Metal")
lw = fnode.Parent.Parent.ChildAdded:Wait()
game:GetService("ReplicatedStorage").Events.BuildingEvent:FireServer(7,lw,lw:GetPivot(),nil,Vector3.new(4, 9, 64))

--#Spawn Resizeable Wall
game:GetService("ReplicatedStorage").Events.BuildingEvent:FireServer(1,"Resizable Wall",fnode:GetPivot():ToWorldSpace(CFrame.new(288.714722, 150.921875, -2757.07837, -0.965929747, 0, 0.258804798, 0, 1, 0, -0.258804798, 0, -0.965929747):ToObjectSpace(CFrame.new(351.543182, 176.092194, -2780.94482, 0.965929627, -0, -0.258804798, 0, 1, -0, 0.258804798, 0, 0.965929627))),nil,BrickColor.new(320),nil,nil,"DiamondPlate")
lw = fnode.Parent.Parent.ChildAdded:Wait()
game:GetService("ReplicatedStorage").Events.BuildingEvent:FireServer(7,lw,lw:GetPivot(),nil,Vector3.new(1, 10, 14))

--#Spawn Resizeable Wall
game:GetService("ReplicatedStorage").Events.BuildingEvent:FireServer(1,"Resizable Wall",fnode:GetPivot():ToWorldSpace(CFrame.new(288.714722, 150.921875, -2757.07837, -0.965929747, 0, 0.258804798, 0, 1, 0, -0.258804798, 0, -0.965929747):ToObjectSpace(CFrame.new(350.401001, 166.873886, -2781.24976, 0.933025956, 0.249984458, -0.258786261, -0.258786261, 0.965934634, 5.54546714e-05, 0.249984458, 0.0669185743, 0.965934634))),nil,BrickColor.new(320),nil,nil,"DiamondPlate")
lw = fnode.Parent.Parent.ChildAdded:Wait()
game:GetService("ReplicatedStorage").Events.BuildingEvent:FireServer(7,lw,lw:GetPivot(),nil,Vector3.new(1, 9, 14))

--#Spawn Resizeable Wall
game:GetService("ReplicatedStorage").Events.BuildingEvent:FireServer(1,"Resizable Wall",fnode:GetPivot():ToWorldSpace(CFrame.new(288.714722, 150.921875, -2757.07837, -0.965929747, 0, 0.258804798, 0, 1, 0, -0.258804798, 0, -0.965929747):ToObjectSpace(CFrame.new(347.413574, 174.514008, -2782.01758, 0.965929627, -0, -0.258804798, 0, 1, -0, 0.258804798, 0, 0.965929627))),nil,BrickColor.new(320),nil,nil,"DiamondPlate")
lw = fnode.Parent.Parent.ChildAdded:Wait()
game:GetService("ReplicatedStorage").Events.BuildingEvent:FireServer(7,lw,lw:GetPivot(),nil,Vector3.new(5, 48, 14))

--#Spawn Resizeable Wall
game:GetService("ReplicatedStorage").Events.BuildingEvent:FireServer(1,"Resizable Wall",fnode:GetPivot():ToWorldSpace(CFrame.new(288.714722, 150.921875, -2757.07837, -0.965929747, 0, 0.258804798, 0, 1, 0, -0.258804798, 0, -0.965929747):ToObjectSpace(CFrame.new(329.315308, 174.514008, -2706.74048, 0.965929627, -0, -0.258804798, 0, 1, -0, 0.258804798, 0, 0.965929627))),nil,BrickColor.new(320),nil,nil,"DiamondPlate")
lw = fnode.Parent.Parent.ChildAdded:Wait()
game:GetService("ReplicatedStorage").Events.BuildingEvent:FireServer(7,lw,lw:GetPivot(),nil,Vector3.new(1, 48, 14))

--#Spawn Resizeable Wall
game:GetService("ReplicatedStorage").Events.BuildingEvent:FireServer(1,"Resizable Wall",fnode:GetPivot():ToWorldSpace(CFrame.new(288.714722, 150.921875, -2757.07837, -0.965929747, 0, 0.258804798, 0, 1, 0, -0.258804798, 0, -0.965929747):ToObjectSpace(CFrame.new(330.391235, 185.23291, -2706.45093, 0.933025956, -0.249984458, -0.258786261, 0.258786261, 0.965934634, -5.54546714e-05, 0.249984458, -0.0669185743, 0.965934634))),nil,BrickColor.new(320),nil,nil,"DiamondPlate")
lw = fnode.Parent.Parent.ChildAdded:Wait()
game:GetService("ReplicatedStorage").Events.BuildingEvent:FireServer(7,lw,lw:GetPivot(),nil,Vector3.new(1, 9, 14))

--#Spawn Resizeable Wall
game:GetService("ReplicatedStorage").Events.BuildingEvent:FireServer(1,"Resizable Wall",fnode:GetPivot():ToWorldSpace(CFrame.new(288.714722, 150.921875, -2757.07837, -0.965929747, 0, 0.258804798, 0, 1, 0, -0.258804798, 0, -0.965929747):ToObjectSpace(CFrame.new(331.504517, 176.092194, -2706.1543, 0.965929627, -0, -0.258804798, 0, 1, -0, 0.258804798, 0, 0.965929627))),nil,BrickColor.new(320),nil,nil,"DiamondPlate")
lw = fnode.Parent.Parent.ChildAdded:Wait()
game:GetService("ReplicatedStorage").Events.BuildingEvent:FireServer(7,lw,lw:GetPivot(),nil,Vector3.new(1, 10, 14))

--#Spawn Resizeable Wall
game:GetService("ReplicatedStorage").Events.BuildingEvent:FireServer(1,"Resizable Wall",fnode:GetPivot():ToWorldSpace(CFrame.new(288.714722, 150.921875, -2757.07837, -0.965929747, 0, 0.258804798, 0, 1, 0, -0.258804798, 0, -0.965929747):ToObjectSpace(CFrame.new(330.361664, 166.873642, -2706.45996, 0.933025956, 0.249984458, -0.258786261, -0.258786261, 0.965934634, 5.54546714e-05, 0.249984458, 0.0669185743, 0.965934634))),nil,BrickColor.new(320),nil,nil,"DiamondPlate")
lw = fnode.Parent.Parent.ChildAdded:Wait()
game:GetService("ReplicatedStorage").Events.BuildingEvent:FireServer(7,lw,lw:GetPivot(),nil,Vector3.new(1, 9, 14))

--#Spawn Resizeable Wall
game:GetService("ReplicatedStorage").Events.BuildingEvent:FireServer(1,"Resizable Wall",fnode:GetPivot():ToWorldSpace(CFrame.new(288.714722, 150.921875, -2757.07837, -0.965929747, 0, 0.258804798, 0, 1, 0, -0.258804798, 0, -0.965929747):ToObjectSpace(CFrame.new(301.741089, 194.031464, -2805.43896, 0.25875926, 0, 0.965941846, 0, 1, 0, -0.965941846, 0, 0.25875926))),nil,BrickColor.new(320),nil,nil,"Metal")
lw = fnode.Parent.Parent.ChildAdded:Wait()
game:GetService("ReplicatedStorage").Events.BuildingEvent:FireServer(7,lw,lw:GetPivot(),nil,Vector3.new(4, 9, 64))

--#Spawn Resizeable Wall
game:GetService("ReplicatedStorage").Events.BuildingEvent:FireServer(1,"Resizable Wall",fnode:GetPivot():ToWorldSpace(CFrame.new(288.714722, 150.921875, -2757.07837, -0.965929747, 0, 0.258804798, 0, 1, 0, -0.258804798, 0, -0.965929747):ToObjectSpace(CFrame.new(273.405762, 175.031464, -2815.60352, 0.25875926, 0, 0.965941846, 0, 1, 0, -0.965941846, 0, 0.25875926))),nil,BrickColor.new(320),nil,nil,"DiamondPlate")
lw = fnode.Parent.Parent.ChildAdded:Wait()
game:GetService("ReplicatedStorage").Events.BuildingEvent:FireServer(7,lw,lw:GetPivot(),nil,Vector3.new(1, 47, 13))

--#Spawn Resizeable Wall
game:GetService("ReplicatedStorage").Events.BuildingEvent:FireServer(1,"Resizable Wall",fnode:GetPivot():ToWorldSpace(CFrame.new(288.714722, 150.921875, -2757.07837, -0.965929747, 0, 0.258804798, 0, 1, 0, -0.258804798, 0, -0.965929747):ToObjectSpace(CFrame.new(273.711792, 185.152695, -2816.72705, 0.249979794, -0.0669682994, 0.965932369, 0.258803517, 0.965929985, -9.27597284e-06, -0.93302238, 0.249989003, 0.258794606))),nil,BrickColor.new(320),nil,nil,"DiamondPlate")
lw = fnode.Parent.Parent.ChildAdded:Wait()
game:GetService("ReplicatedStorage").Events.BuildingEvent:FireServer(7,lw,lw:GetPivot(),nil,Vector3.new(1, 9, 13))

--#Spawn Resizeable Wall
game:GetService("ReplicatedStorage").Events.BuildingEvent:FireServer(1,"Resizable Wall",fnode:GetPivot():ToWorldSpace(CFrame.new(288.714722, 150.921875, -2757.07837, -0.965929747, 0, 0.258804798, 0, 1, 0, -0.258804798, 0, -0.965929747):ToObjectSpace(CFrame.new(273.983154, 176.425262, -2817.84302, 0.25875926, 0, 0.965941846, 0, 1, 0, -0.965941846, 0, 0.25875926))),nil,BrickColor.new(320),nil,nil,"DiamondPlate")
lw = fnode.Parent.Parent.ChildAdded:Wait()
game:GetService("ReplicatedStorage").Events.BuildingEvent:FireServer(7,lw,lw:GetPivot(),nil,Vector3.new(1, 9, 13))

--#Spawn Resizeable Wall
game:GetService("ReplicatedStorage").Events.BuildingEvent:FireServer(1,"Resizable Wall",fnode:GetPivot():ToWorldSpace(CFrame.new(288.714722, 150.921875, -2757.07837, -0.965929747, 0, 0.258804798, 0, 1, 0, -0.258804798, 0, -0.965929747):ToObjectSpace(CFrame.new(339.522949, 175.031464, -2795.81714, 0.25875926, 0, 0.965941846, 0, 1, 0, -0.965941846, 0, 0.25875926))),nil,BrickColor.new(320),nil,nil,"DiamondPlate")
lw = fnode.Parent.Parent.ChildAdded:Wait()
game:GetService("ReplicatedStorage").Events.BuildingEvent:FireServer(7,lw,lw:GetPivot(),nil,Vector3.new(5, 47, 14))

--#Spawn Resizeable Wall
game:GetService("ReplicatedStorage").Events.BuildingEvent:FireServer(1,"Resizable Wall",fnode:GetPivot():ToWorldSpace(CFrame.new(288.714722, 150.921875, -2757.07837, -0.965929747, 0, 0.258804798, 0, 1, 0, -0.258804798, 0, -0.965929747):ToObjectSpace(CFrame.new(340.341797, 185.15271, -2798.875, 0.249979794, -0.0669682994, 0.965932369, 0.258803517, 0.965929985, -9.27597284e-06, -0.93302238, 0.249989003, 0.258794606))),nil,BrickColor.new(320),nil,nil,"DiamondPlate")
lw = fnode.Parent.Parent.ChildAdded:Wait()
game:GetService("ReplicatedStorage").Events.BuildingEvent:FireServer(7,lw,lw:GetPivot(),nil,Vector3.new(1, 9, 14))

--#Spawn Resizeable Wall
game:GetService("ReplicatedStorage").Events.BuildingEvent:FireServer(1,"Resizable Wall",fnode:GetPivot():ToWorldSpace(CFrame.new(288.714722, 150.921875, -2757.07837, -0.965929747, 0, 0.258804798, 0, 1, 0, -0.258804798, 0, -0.965929747):ToObjectSpace(CFrame.new(340.63916, 176.425262, -2799.98462, 0.25875926, 0, 0.965941846, 0, 1, 0, -0.965941846, 0, 0.25875926))),nil,BrickColor.new(320),nil,nil,"DiamondPlate")
lw = fnode.Parent.Parent.ChildAdded:Wait()
game:GetService("ReplicatedStorage").Events.BuildingEvent:FireServer(7,lw,lw:GetPivot(),nil,Vector3.new(1, 9, 14))

--#Spawn Resizeable Wall
game:GetService("ReplicatedStorage").Events.BuildingEvent:FireServer(1,"Resizable Wall",fnode:GetPivot():ToWorldSpace(CFrame.new(288.714722, 150.921875, -2757.07837, -0.965929747, 0, 0.258804798, 0, 1, 0, -0.258804798, 0, -0.965929747):ToObjectSpace(CFrame.new(340.340576, 167.790558, -2798.8689, 0.249979794, 0.0669682994, 0.965932369, -0.258803517, 0.965929985, 9.27597284e-06, -0.93302238, -0.249989003, 0.258794606))),nil,BrickColor.new(320),nil,nil,"DiamondPlate")
lw = fnode.Parent.Parent.ChildAdded:Wait()
game:GetService("ReplicatedStorage").Events.BuildingEvent:FireServer(7,lw,lw:GetPivot(),nil,Vector3.new(1, 9, 14))

--#Spawn Lamp Prisim
game:GetService("ReplicatedStorage").Events.BuildingEvent:FireServer(1,"Lamp Prisim",fnode:GetPivot():ToWorldSpace(CFrame.new(288.714722, 150.921875, -2757.07837, -0.965929747, 0, 0.258804798, 0, 1, 0, -0.258804798, 0, -0.965929747):ToObjectSpace(CFrame.new(272.233826, 164.998795, -2764.14038, 0.683111548, -0.258729458, -0.682947755, -0.707021236, 4.05311584e-06, -0.707192421, 0.182974309, 0.965949893, -0.182924509))),nil,BrickColor.new(346),nil,nil,"Neon")
lw = fnode.Parent.Parent.ChildAdded:Wait()
game:GetService("ReplicatedStorage").Events.BuildingEvent:FireServer(7,lw,lw:GetPivot(),nil,1.7000000476837158)
fnode.Parent.Parent.ChildAdded:Wait()

--#Spawn Resizeable Wall
game:GetService("ReplicatedStorage").Events.BuildingEvent:FireServer(1,"Resizable Wall",fnode:GetPivot():ToWorldSpace(CFrame.new(288.714722, 150.921875, -2757.07837, -0.965929747, 0, 0.258804798, 0, 1, 0, -0.258804798, 0, -0.965929747):ToObjectSpace(CFrame.new(290.337646, 173.478668, -2719.08545, -0.965929747, 0, 0.258804798, 0, 1, 0, -0.258804798, 0, -0.965929747))),nil,BrickColor.new(320),nil,nil,"Plastic")
lw = fnode.Parent.Parent.ChildAdded:Wait()
game:GetService("ReplicatedStorage").Events.BuildingEvent:FireServer(7,lw,lw:GetPivot(),nil,Vector3.new(2, 2, 17))

--#Spawn Resizeable Wall
game:GetService("ReplicatedStorage").Events.BuildingEvent:FireServer(1,"Resizable Wall",fnode:GetPivot():ToWorldSpace(CFrame.new(288.714722, 150.921875, -2757.07837, -0.965929747, 0, 0.258804798, 0, 1, 0, -0.258804798, 0, -0.965929747):ToObjectSpace(CFrame.new(251.838684, 174.577179, -2777.03003, 0.965929627, -0, -0.258804798, 0, 1, -0, 0.258804798, 0, 0.965929627))),nil,BrickColor.new(320),nil,nil,"DiamondPlate")
lw = fnode.Parent.Parent.ChildAdded:Wait()
game:GetService("ReplicatedStorage").Events.BuildingEvent:FireServer(7,lw,lw:GetPivot(),nil,Vector3.new(5, 48, 3))

--#Spawn Resizeable Wall
game:GetService("ReplicatedStorage").Events.BuildingEvent:FireServer(1,"Resizable Wall",fnode:GetPivot():ToWorldSpace(CFrame.new(288.714722, 150.921875, -2757.07837, -0.965929747, 0, 0.258804798, 0, 1, 0, -0.258804798, 0, -0.965929747):ToObjectSpace(CFrame.new(275.516479, 176.915558, -2707.56104, 0.25875926, 0, 0.965941846, 0, 1, 0, -0.965941846, 0, 0.25875926))),nil,BrickColor.new(320),nil,nil,"Metal")
lw = fnode.Parent.Parent.ChildAdded:Wait()
game:GetService("ReplicatedStorage").Events.BuildingEvent:FireServer(7,lw,lw:GetPivot(),nil,Vector3.new(4, 9, 64))

--#Spawn Chair
game:GetService("ReplicatedStorage").Events.BuildingEvent:FireServer(1,"Chair",fnode:GetPivot():ToWorldSpace(CFrame.new(288.714722, 150.921875, -2757.07837, -0.965929747, 0, 0.258804798, 0, 1, 0, -0.258804798, 0, -0.965929747):ToObjectSpace(CFrame.new(316.329346, 151.508636, -2728.35327, 0, 0, 1, 0, 1, -0, -1, 0, 0))),nil,BrickColor.new(5),nil,nil,"Plastic")
lw = fnode.Parent.Parent.ChildAdded:Wait()
game:GetService("ReplicatedStorage").Events.BuildingEvent:FireServer(7,lw,lw:GetPivot(),nil,1.2000000476837158)
fnode.Parent.Parent.ChildAdded:Wait()

--#Spawn Resizeable Wall
game:GetService("ReplicatedStorage").Events.BuildingEvent:FireServer(1,"Resizable Wall",fnode:GetPivot():ToWorldSpace(CFrame.new(288.714722, 150.921875, -2757.07837, -0.965929747, 0, 0.258804798, 0, 1, 0, -0.258804798, 0, -0.965929747):ToObjectSpace(CFrame.new(288.951874, 164.514832, -2713.92529, -0.965929747, 0, 0.258804798, 0, 1, 0, -0.258804798, 0, -0.965929747))),nil,BrickColor.new(320),nil,nil,"Glass")
lw = fnode.Parent.Parent.ChildAdded:Wait()
game:GetService("ReplicatedStorage").Events.BuildingEvent:FireServer(7,lw,lw:GetPivot(),nil,Vector3.new(2, 10, 5))

--#Spawn Resizeable Wall
game:GetService("ReplicatedStorage").Events.BuildingEvent:FireServer(1,"Resizable Wall",fnode:GetPivot():ToWorldSpace(CFrame.new(288.714722, 150.921875, -2757.07837, -0.965929747, 0, 0.258804798, 0, 1, 0, -0.258804798, 0, -0.965929747):ToObjectSpace(CFrame.new(292.904999, 151.485901, -2728.66772, -0.965929747, 0, 0.258804798, 0, 1, 0, -0.258804798, 0, -0.965929747))),nil,BrickColor.new(320),nil,nil,"Plastic")
lw = fnode.Parent.Parent.ChildAdded:Wait()
game:GetService("ReplicatedStorage").Events.BuildingEvent:FireServer(7,lw,lw:GetPivot(),nil,Vector3.new(2, 1, 24))

--#Spawn Resizeable Wall
game:GetService("ReplicatedStorage").Events.BuildingEvent:FireServer(1,"Resizable Wall",fnode:GetPivot():ToWorldSpace(CFrame.new(288.714722, 150.921875, -2757.07837, -0.965929747, 0, 0.258804798, 0, 1, 0, -0.258804798, 0, -0.965929747):ToObjectSpace(CFrame.new(320.775146, 153.508163, -2741.48657, 0.965938926, 0.258770198, -1.66893005e-06, -1.66893005e-06, 1.2755394e-05, 0.99999994, 0.258770198, -0.965938866, 1.2755394e-05))),nil,BrickColor.new(320),nil,nil,"Slate")
lw = fnode.Parent.Parent.ChildAdded:Wait()
game:GetService("ReplicatedStorage").Events.BuildingEvent:FireServer(7,lw,lw:GetPivot(),nil,Vector3.new(24, 2, 4))

--#Spawn Resizeable Wall
game:GetService("ReplicatedStorage").Events.BuildingEvent:FireServer(1,"Resizable Wall",fnode:GetPivot():ToWorldSpace(CFrame.new(288.714722, 150.921875, -2757.07837, -0.965929747, 0, 0.258804798, 0, 1, 0, -0.258804798, 0, -0.965929747):ToObjectSpace(CFrame.new(275.161438, 157.612778, -2809.51636, 0.25886941, 0.965912402, -5.71608543e-05, 5.71608543e-05, -7.46250153e-05, -1, -0.965912402, 0.258869469, -7.46250153e-05))),nil,BrickColor.new(320),nil,nil,"Concrete")
lw = fnode.Parent.Parent.ChildAdded:Wait()
game:GetService("ReplicatedStorage").Events.BuildingEvent:FireServer(7,lw,lw:GetPivot(),nil,Vector3.new(2, 20, 14))

--#Spawn Resizeable Wall
game:GetService("ReplicatedStorage").Events.BuildingEvent:FireServer(1,"Resizable Wall",fnode:GetPivot():ToWorldSpace(CFrame.new(288.714722, 150.921875, -2757.07837, -0.965929747, 0, 0.258804798, 0, 1, 0, -0.258804798, 0, -0.965929747):ToObjectSpace(CFrame.new(272.872437, 160.375671, -2770.71558, 0.965929627, -0, -0.258804798, 0, 1, -0, 0.258804798, 0, 0.965929627))),nil,BrickColor.new(320),nil,nil,"Concrete")
lw = fnode.Parent.Parent.ChildAdded:Wait()
game:GetService("ReplicatedStorage").Events.BuildingEvent:FireServer(7,lw,lw:GetPivot(),nil,Vector3.new(7, 11, 2))

--#Spawn Resizeable Wall
game:GetService("ReplicatedStorage").Events.BuildingEvent:FireServer(1,"Resizable Wall",fnode:GetPivot():ToWorldSpace(CFrame.new(288.714722, 150.921875, -2757.07837, -0.965929747, 0, 0.258804798, 0, 1, 0, -0.258804798, 0, -0.965929747):ToObjectSpace(CFrame.new(265.16037, 152.89566, -2772.78223, 0.965929627, -0, -0.258804798, 0, 1, -0, 0.258804798, 0, 0.965929627))),nil,BrickColor.new(320),nil,nil,"Concrete")
lw = fnode.Parent.Parent.ChildAdded:Wait()
game:GetService("ReplicatedStorage").Events.BuildingEvent:FireServer(7,lw,lw:GetPivot(),nil,Vector3.new(23, 4, 2))

--#Spawn Resizeable Wall
game:GetService("ReplicatedStorage").Events.BuildingEvent:FireServer(1,"Resizable Wall",fnode:GetPivot():ToWorldSpace(CFrame.new(288.714722, 150.921875, -2757.07837, -0.965929747, 0, 0.258804798, 0, 1, 0, -0.258804798, 0, -0.965929747):ToObjectSpace(CFrame.new(307.829803, 150.999023, -2772.34033, -0.965929747, 0, 0.258804798, 0, 1, 0, -0.258804798, 0, -0.965929747))),nil,BrickColor.new(320),nil,nil,"Pebble")
lw = fnode.Parent.Parent.ChildAdded:Wait()
game:GetService("ReplicatedStorage").Events.BuildingEvent:FireServer(7,lw,lw:GetPivot(),nil,Vector3.new(63, 1, 55))

--#Spawn Resizeable Wall
game:GetService("ReplicatedStorage").Events.BuildingEvent:FireServer(1,"Resizable Wall",fnode:GetPivot():ToWorldSpace(CFrame.new(288.714722, 150.921875, -2757.07837, -0.965929747, 0, 0.258804798, 0, 1, 0, -0.258804798, 0, -0.965929747):ToObjectSpace(CFrame.new(305.901733, 168.55983, -2805.51099, 0.249979794, 0.0669682994, 0.965932369, -0.258803517, 0.965929985, 9.27597284e-06, -0.93302238, -0.249989003, 0.258794606))),nil,BrickColor.new(320),nil,nil,"Metal")
lw = fnode.Parent.Parent.ChildAdded:Wait()
game:GetService("ReplicatedStorage").Events.BuildingEvent:FireServer(7,lw,lw:GetPivot(),nil,Vector3.new(4, 9, 56))

--#Spawn Resizeable Wall
game:GetService("ReplicatedStorage").Events.BuildingEvent:FireServer(1,"Resizable Wall",fnode:GetPivot():ToWorldSpace(CFrame.new(288.714722, 150.921875, -2757.07837, -0.965929747, 0, 0.258804798, 0, 1, 0, -0.258804798, 0, -0.965929747):ToObjectSpace(CFrame.new(262.839966, 151.008636, -2764.27051, 0.25875926, 0, 0.965941846, 0, 1, 0, -0.965941846, 0, 0.25875926))),nil,BrickColor.new(320),nil,nil,"Pebble")
lw = fnode.Parent.Parent.ChildAdded:Wait()
game:GetService("ReplicatedStorage").Events.BuildingEvent:FireServer(7,lw,lw:GetPivot(),nil,Vector3.new(18, 1, 23))

--#Spawn Resizeable Wall
game:GetService("ReplicatedStorage").Events.BuildingEvent:FireServer(1,"Resizable Wall",fnode:GetPivot():ToWorldSpace(CFrame.new(288.714722, 150.921875, -2757.07837, -0.965929747, 0, 0.258804798, 0, 1, 0, -0.258804798, 0, -0.965929747):ToObjectSpace(CFrame.new(276.365723, 165.508636, -2774.09106, 0.965929627, -0, -0.258804798, 0, 1, -0, 0.258804798, 0, 0.965929627))),nil,BrickColor.new(320),nil,nil,"Concrete")
lw = fnode.Parent.Parent.ChildAdded:Wait()
game:GetService("ReplicatedStorage").Events.BuildingEvent:FireServer(7,lw,lw:GetPivot(),nil,Vector3.new(2, 29, 16))

--#Spawn Door
game:GetService("ReplicatedStorage").Events.BuildingEvent:FireServer(1,"Door",fnode:GetPivot():ToWorldSpace(CFrame.new(288.714722, 150.921875, -2757.07837, -0.965929747, 0, 0.258804798, 0, 1, 0, -0.258804798, 0, -0.965929747):ToObjectSpace(CFrame.new(279.835419, 151.51059, -2783.98828, -0.25875926, 0, -0.965941846, 0, 1, 0, 0.965941846, 0, -0.25875926))),nil,BrickColor.new(311),nil,nil,"Sand")
lw = fnode.Parent.Parent.ChildAdded:Wait()
game:GetService("ReplicatedStorage").Events.BuildingEvent:FireServer(7,lw,lw:GetPivot(),nil,1)
fnode.Parent.Parent.ChildAdded:Wait()

--#Spawn Hat Display Case
game:GetService("ReplicatedStorage").Events.BuildingEvent:FireServer(1,"Hat Display Case",fnode:GetPivot():ToWorldSpace(CFrame.new(288.714722, 150.921875, -2757.07837, -0.965929747, 0, 0.258804798, 0, 1, 0, -0.258804798, 0, -0.965929747):ToObjectSpace(CFrame.new(274.387482, 159.808868, -2718.12646, 1, 0, 0, 0, 1, 0, 0, 0, 1))))
lw = fnode.Parent.Parent.ChildAdded:Wait()
game:GetService("ReplicatedStorage").Events.MenuActionEvent:FireServer(81,lw,"17612778183")
game:GetService("ReplicatedStorage").Events.BuildingEvent:FireServer(7,lw,lw:GetPivot(),nil,0.20000000298023224)
fnode.Parent.Parent.ChildAdded:Wait()

--#Spawn Hat Display Case
game:GetService("ReplicatedStorage").Events.BuildingEvent:FireServer(1,"Hat Display Case",fnode:GetPivot():ToWorldSpace(CFrame.new(288.714722, 150.921875, -2757.07837, -0.965929747, 0, 0.258804798, 0, 1, 0, -0.258804798, 0, -0.965929747):ToObjectSpace(CFrame.new(279.22052, 159.610199, -2737.90601, 0.965929627, 0, 0.258804798, 0, 1, 0, -0.258804798, 0, 0.965929627))))
lw = fnode.Parent.Parent.ChildAdded:Wait()
game:GetService("ReplicatedStorage").Events.MenuActionEvent:FireServer(81,lw,"17711714568")
game:GetService("ReplicatedStorage").Events.BuildingEvent:FireServer(7,lw,lw:GetPivot(),nil,0.20000000298023224)
fnode.Parent.Parent.ChildAdded:Wait()

--#Spawn Resizeable Wall
game:GetService("ReplicatedStorage").Events.BuildingEvent:FireServer(1,"Resizable Wall",fnode:GetPivot():ToWorldSpace(CFrame.new(288.714722, 150.921875, -2757.07837, -0.965929747, 0, 0.258804798, 0, 1, 0, -0.258804798, 0, -0.965929747):ToObjectSpace(CFrame.new(269.511932, 164.93454, -2790.84424, -0.965929747, -0, -0.258804798, 0, -1, 0, -0.258804798, 0, 0.965929627))),nil,BrickColor.new(320),nil,nil,"DiamondPlate")
lw = fnode.Parent.Parent.ChildAdded:Wait()
game:GetService("ReplicatedStorage").Events.BuildingEvent:FireServer(7,lw,lw:GetPivot(),nil,Vector3.new(20, 2, 37))

--#Spawn Resizeable Wall
game:GetService("ReplicatedStorage").Events.BuildingEvent:FireServer(1,"Resizable Wall",fnode:GetPivot():ToWorldSpace(CFrame.new(288.714722, 150.921875, -2757.07837, -0.965929747, 0, 0.258804798, 0, 1, 0, -0.258804798, 0, -0.965929747):ToObjectSpace(CFrame.new(339.744446, 175.111786, -2767.93896, 0.25886941, 0.965912402, 5.71608543e-05, -5.71608543e-05, 7.44462013e-05, -1, -0.965912402, 0.258869469, 7.44462013e-05))),nil,BrickColor.new(320),nil,nil,"Concrete")
lw = fnode.Parent.Parent.ChildAdded:Wait()
game:GetService("ReplicatedStorage").Events.BuildingEvent:FireServer(7,lw,lw:GetPivot(),nil,Vector3.new(45, 1, 49))

--#Spawn Resizeable Wall
game:GetService("ReplicatedStorage").Events.BuildingEvent:FireServer(1,"Resizable Wall",fnode:GetPivot():ToWorldSpace(CFrame.new(288.714722, 150.921875, -2757.07837, -0.965929747, 0, 0.258804798, 0, 1, 0, -0.258804798, 0, -0.965929747):ToObjectSpace(CFrame.new(301.293457, 151.008636, -2726.18604, 0.25875926, 0, 0.965941846, 0, 1, 0, -0.965941846, 0, 0.25875926))),nil,BrickColor.new(320),nil,nil,"Pebble")
lw = fnode.Parent.Parent.ChildAdded:Wait()
game:GetService("ReplicatedStorage").Events.BuildingEvent:FireServer(7,lw,lw:GetPivot(),nil,Vector3.new(38, 1, 53))

--#Spawn Resizeable Wall
game:GetService("ReplicatedStorage").Events.BuildingEvent:FireServer(1,"Resizable Wall",fnode:GetPivot():ToWorldSpace(CFrame.new(288.714722, 150.921875, -2757.07837, -0.965929747, 0, 0.258804798, 0, 1, 0, -0.258804798, 0, -0.965929747):ToObjectSpace(CFrame.new(270.406128, 150.984131, -2790.57861, 0.25875926, 0, 0.965941846, 0, 1, 0, -0.965941846, 0, 0.25875926))),nil,BrickColor.new(320),nil,nil,"Pebble")
lw = fnode.Parent.Parent.ChildAdded:Wait()
game:GetService("ReplicatedStorage").Events.BuildingEvent:FireServer(7,lw,lw:GetPivot(),nil,Vector3.new(37, 1, 20))

--#Spawn Resizeable Wall
game:GetService("ReplicatedStorage").Events.BuildingEvent:FireServer(1,"Resizable Wall",fnode:GetPivot():ToWorldSpace(CFrame.new(288.714722, 150.921875, -2757.07837, -0.965929747, 0, 0.258804798, 0, 1, 0, -0.258804798, 0, -0.965929747):ToObjectSpace(CFrame.new(297.605255, 162.450256, -2746.21021, -0.965939164, 0.258770257, -1.66893005e-06, -1.66893005e-06, -1.28746033e-05, -1.00000012, -0.258770257, -0.965939045, 1.257658e-05))),nil,BrickColor.new(320),nil,nil,"Plastic")
lw = fnode.Parent.Parent.ChildAdded:Wait()
game:GetService("ReplicatedStorage").Events.BuildingEvent:FireServer(7,lw,lw:GetPivot(),nil,Vector3.new(2, 1, 23))

--#Spawn Resizeable Wall
game:GetService("ReplicatedStorage").Events.BuildingEvent:FireServer(1,"Resizable Wall",fnode:GetPivot():ToWorldSpace(CFrame.new(288.714722, 150.921875, -2757.07837, -0.965929747, 0, 0.258804798, 0, 1, 0, -0.258804798, 0, -0.965929747):ToObjectSpace(CFrame.new(273.047363, 165.861954, -2761.7063, 0.965938926, -0.258770198, -1.66893005e-06, 1.66893005e-06, 1.2755394e-05, -0.99999994, 0.258770198, 0.965938866, 1.2755394e-05))),nil,BrickColor.new(320),nil,nil,"Concrete")
lw = fnode.Parent.Parent.ChildAdded:Wait()
game:GetService("ReplicatedStorage").Events.BuildingEvent:FireServer(7,lw,lw:GetPivot(),nil,Vector3.new(2, 10, 16))

--#Spawn Resizeable Wall
game:GetService("ReplicatedStorage").Events.BuildingEvent:FireServer(1,"Resizable Wall",fnode:GetPivot():ToWorldSpace(CFrame.new(288.714722, 150.921875, -2757.07837, -0.965929747, 0, 0.258804798, 0, 1, 0, -0.258804798, 0, -0.965929747):ToObjectSpace(CFrame.new(296.832947, 164.514832, -2743.33911, -0.965929747, 0, 0.258804798, 0, 1, 0, -0.258804798, 0, -0.965929747))),nil,BrickColor.new(320),nil,nil,"Glass")
lw = fnode.Parent.Parent.ChildAdded:Wait()
game:GetService("ReplicatedStorage").Events.BuildingEvent:FireServer(7,lw,lw:GetPivot(),nil,Vector3.new(2, 10, 5))

--#Spawn Box
game:GetService("ReplicatedStorage").Events.BuildingEvent:FireServer(1,"Box",fnode:GetPivot():ToWorldSpace(CFrame.new(288.714722, 150.921875, -2757.07837, -0.965929747, 0, 0.258804798, 0, 1, 0, -0.258804798, 0, -0.965929747):ToObjectSpace(CFrame.new(320.64505, 151.399017, -2766.80225, -0.707068563, 0, -0.707145572, 0, 1, 0, 0.707145572, 0, -0.707068563))),nil,BrickColor.new(153),nil,nil,"Metal")
lw = fnode.Parent.Parent.ChildAdded:Wait()
game:GetService("ReplicatedStorage").Events.BuildingEvent:FireServer(7,lw,lw:GetPivot(),nil,3)
fnode.Parent.Parent.ChildAdded:Wait()

--#Spawn Resizeable Wall
game:GetService("ReplicatedStorage").Events.BuildingEvent:FireServer(1,"Resizable Wall",fnode:GetPivot():ToWorldSpace(CFrame.new(288.714722, 150.921875, -2757.07837, -0.965929747, 0, 0.258804798, 0, 1, 0, -0.258804798, 0, -0.965929747):ToObjectSpace(CFrame.new(306.508057, 157.386871, -2804.09448, 0.25875926, 0, 0.965941846, 0, 1, 0, -0.965941846, 0, 0.25875926))),nil,BrickColor.new(320),nil,nil,"Concrete")
lw = fnode.Parent.Parent.ChildAdded:Wait()
game:GetService("ReplicatedStorage").Events.BuildingEvent:FireServer(7,lw,lw:GetPivot(),nil,Vector3.new(4, 13, 64))

--#Spawn Shelves Store
game:GetService("ReplicatedStorage").Events.BuildingEvent:FireServer(1,"Shelves Store",fnode:GetPivot():ToWorldSpace(CFrame.new(288.714722, 150.921875, -2757.07837, -0.965929747, 0, 0.258804798, 0, 1, 0, -0.258804798, 0, -0.965929747):ToObjectSpace(CFrame.new(294.161743, 148.622192, -2737.25269, 0.25886941, -0.965912402, -5.71608543e-05, -5.71608543e-05, -7.46250153e-05, 1, -0.965912402, -0.258869469, -7.46250153e-05))),nil,BrickColor.new(311),nil,nil,"Metal")
lw = fnode.Parent.Parent.ChildAdded:Wait()
game:GetService("ReplicatedStorage").Events.BuildingEvent:FireServer(7,lw,lw:GetPivot(),nil,2.5)
fnode.Parent.Parent.ChildAdded:Wait()

--#Spawn Resizeable Wall
game:GetService("ReplicatedStorage").Events.BuildingEvent:FireServer(1,"Resizable Wall",fnode:GetPivot():ToWorldSpace(CFrame.new(288.714722, 150.921875, -2757.07837, -0.965929747, 0, 0.258804798, 0, 1, 0, -0.258804798, 0, -0.965929747):ToObjectSpace(CFrame.new(306.788483, 158.408478, -2761.28687, 0.25886941, 0.965912402, 5.71608543e-05, -5.71608543e-05, 7.44462013e-05, -1, -0.965912402, 0.258869469, 7.44462013e-05))),nil,BrickColor.new(320),nil,nil,"Concrete")
lw = fnode.Parent.Parent.ChildAdded:Wait()
game:GetService("ReplicatedStorage").Events.BuildingEvent:FireServer(7,lw,lw:GetPivot(),nil,Vector3.new(3, 15, 14))

--#Spawn Computer
